1496694092051449632
1496694092091551409
1496694092135045733
1496694092176211623
1496694092211542259
1496694092251558046
1496694092291491489
1496694092333521648
1496694092372676238
1496694092411471505
1496694092451461303
1496694092491410735
1496694092535814434
1496694092571411320
1496694092612603147
1496694092651409299
1496694092691526024
1496694092735731129
1496694092775046187
1496694092809895834
1496694092851375994
1496694092894562090
1496694092932213713
1496694092970273877
1496694093010019664
1496694093049931180
1496694093095940502
1496694093169723280
1496694093210110213
1496694093252248445
1496694093289950953
1496694093333934548
1496694093369954298
1496694093450452381
1496694093491401344
1496694093534080044
1496694093616027605
1496694093691346372
1496694093771462060
1496694093816845601
1496694093851335509
1496694093934043329
1496694094011057302
1496694094052321109
1496694094091144032
1496694094133894451
1496694094211238945
1496694094251082440
1496694094339120775
1496694094409884443
1496694094491985493
1496694094533933570
1496694094571071808
1496694094691184637
1496694094772126834
1496694094856053404
1496694094890715342
1496694094971365509
1496694095050879219
1496694095090890787
1496694095213073561
1496694095290806752
1496694095334164567
1496694095410818748
1496694095534242355
1496694095610762110
1496694095650512011
1496694095736077641
1496694095810914637
1496694095850439123
1496694095971899138
1496694096011235707
1496694096093424778
1496694096170347188
1496694096250786418
1496694096333343978
1496694096410844617
1496694096490158015
1496694096570063495
1496694096610469854
1496694096691554030
1496694096770139877
1496694096850401815
1496694096934350988
1496694097014770217
1496694097089955442
1496694097132727684
1496694097209954938
1496694097289839429
1496694097410974444
1496694097489725759
1496694097535374977
1496694097609629942
1496694097688829955
1496694097768480852
1496694097808045493
1496694098008341042
1496694098132337304
1496694098211371222
1496694098251481019
1496694098371134005
1496694098454459794
1496694098532117672
1496694098611227684
1496694098689190927
1496694098771308644
1496694098850528292
1496694098889297101
1496694098972825962
1496694099048930301
1496694099173640989
1496694099248866266
1496694099333414658
1496694099407468790
1496694099487937551
1496694099569024280
1496694099647202157
1496694099690782523
1496694099811318998
1496694099891560519
1496694099967183244
1496694100049640700
1496694100129745294
1496694100288368652
1496694100366851790
1496694100446878936
1496694100566713172
1496694100647176203
1496694100729370743
1496694100806679403
1496694100888200298
1496694101009316668
1496694101134743397
1496694101287889157
1496694101407966309
1496694101447850169
1496694101566328364
1496694101648964622
1496694101730384632
1496694101766136413
1496694101851247356
1496694101928761068
1496694102046080411
1496694102166039907
1496694102247551218
1496694102330039404
1496694102409582801
1496694102530192765
1496694102607355956
1496694102688407060
1496694102845726304
1496694102932116881
1496694103005579295
1496694103087159305
1496694103167099993
1496694103290528131
1496694103533339411
1496694103650324431
1496694103766898202
1496694103846658630
1496694103967209688
1496694104047005064
1496694104132134184
1496694104246689676
1496694104330997338
1496694104446431683
1496694104533910852
1496694104607667173
1496694104687951454
1496694104806217567
1496694104886372057
1496694105206014342
1496694105286000707
1496694105365948635
1496694105445870573
1496694105528047040
1496694105607693823
1496694105685726805
1496694105727897798
1496694105807234893
1496694105885697562
1496694105927933919
1496694106005587475
1496694106085828632
1496694106205670524
1496694106288850427
1496694106365602004
1496694106405492375
1496694106488608580
1496694106564050315
1496694106644522305
1496694106726168617
1496694106805338056
1496694106927648799
1496694106965314380
1496694107085250439
1496694107165924407
1496694107247496448
1496694107327461668
1496694107446346373
1496694107567422639
1496694107730227449
1496694107844690077
1496694108004714682
1496694108127438394
1496694108206385646
1496694108327624047
1496694108450666352
1496694108564892104
1496694108644507793
1496694108764702601
1496694108806634427
1496694108884412462
1496694108967834657
1496694109044372328
1496694109127265669
1496694109204358132
1496694109329687517
1496694109405296909
1496694109529490514
1496694109604226469
1496694109689994807
1496694109764062846
1496694109883927029
1496694109962351157
1496694110042344866
1496694110126740445
1496694110243821715
1496694110326536827
1496694110402169500
1496694110443891847
1496694110527607375
1496694110643742344
1496694110683789225
1496694110763567257
1496694110844752996
1496694110931594562
1496694111003695311
1496694111086512038
1496694111164482885
1496694111245353676
1496694111363176820
1496694111445821828
1496694111564198358
1496694111648000031
1496694111762879481
1496694111842866054
1496694111883220330
1496694111963137738
1496694112043967644
1496694112164429431
1496694112242925954
1496694112284026062
1496694112371175076
1496694112442718013
1496694112529124111
1496694112602812723
1496694112682707787
1496694112763633474
1496694112842813746
1496694112925292505
1496694113003875278
1496694113086966223
1496694113162264677
1496694113202735515
1496694113282288860
1496694113362229132
1496694113483326752
1496694113525077641
1496694113642093130
1496694113726102042
1496694113842174980
1496694113881884778
1496694113963224267
1496694114002258336
1496694114082073243
1496694114201796594
1496694114280231607
1496694114360176358
1496694114481946789
1496694114529471577
1496694114684896501
1496694114801517772
1496694114884190644
1496694115001292019
1496694115081383540
1496694115162624123
1496694115281236224
1496694115361361965
1496694115441340049
1496694115481149690
1496694115561378034
1496694115642617836
1496694115723821856
1496694115841122917
1496694115923570582
1496694116000993565
1496694116082944668
1496694116160945150
1496694116801675707
1496694116960531720
1496694117203246126
1496694117323989319
1496694117405283860
1496694117480776428
1496694117563319822
1496694117600421914
1496694117680146457
1496694117801258399
1496694117880167370
1496694117960216183
1496694118040142861
1496694118078474536
1496694118159005015
1496694118238675287
1496694118281087946
1496694118360683895
1496694118442319790
1496694118482223650
1496694118599801846
1496694118643151744
1496694118722678214
1496694118799663020
1496694118844688905
1496694118922345430
1496694119001449244
1496694119079576705
1496694119160396403
1496694119240778132
1496694119322411735
1496694119361892367
1496694119439521235
1496694119522449732
1496694119564435777
1496694119639253763
1496694119723330176
1496694119799336546
1496694119839510770
1496694119924622806
1496694119999127928
1496694120080418875
1496694120124053252
1496694120238821868
1496694120283703431
1496694120359044437
1496694120440140020
1496694120479060183
1496694120558839621
1496694120641070307
1496694120680255730
1496694120799711737
1496694120838603931
1496694120922673782
1496694120958763896
1496694121038627970
1496694121121107718
1496694121159833141
1496694121238484925
1496694121320865246
1496694121359045618
1496694121438625057
1496694121478377823
1496694121558421011
1496694121639595813
1496694121721207697
1496694121758166144
1496694121840045424
1496694121920744653
1496694121958222317
1496694122043356541
1496694122121871711
1496694122198092976
1496694122237942096
1496694122320685386
1496694122400293366
1496694122477896870
1496694122564089842
1496694122637998194
1496694122678042470
1496694122757845711
1496694122838885513
1496694122877812030
1496694122922576405
1496694122997668401
1496694123079230650
1496694123122142006
1496694123157467173
1496694123237535726
1496694123321315941
1496694123397725436
1496694123477441593
1496694123558629676
1496694123639787602
1496694123720728967
1496694123799494865
1496694123837339925
1496694123924062897
1496694123957135775
1496694124077006678
1496694124159510071
1496694124197036017
1496694124278185142
1496694124322105768
1496694124396941931
1496694124437260009
1496694124525311313
1496694124556782422
1496694124635761393
1496694124677315771
1496694124756871148
1496694124795206937
1496694124841040894
1496694124919090022
1496694124955190240
1496694125039668944
1496694125075156507
1496694125155134383
1496694125195667096
1496694125275085858
1496694125355293994
1496694125397257018
1496694125476397655
1496694125517173181
1496694125555897146
1496694125638693821
1496694125676277944
1496694125759417066
1496694125835071353
1496694125917325007
1496694125994769917
1496694126034592527
1496694126076181073
1496694126156033584
1496694126235977397
1496694126277416620
1496694126318777613
1496694126395992107
1496694126441799033
1496694126480830654
1496694126518206496
1496694126595771719
1496694126635827037
1496694126681829744
1496694126755845960
1496694126795853569
1496694126875749674
1496694126919380145
1496694126996361461
1496694127035917978
1496694127117861789
1496694127200404349
1496694127235840454
1496694127317827702
1496694127355574377
1496694127435461576
1496694127517609866
1496694127557838621
1496694127636594988
1496694127718366560
1496694127755468079
1496694127835359653
1496694127922381843
1496694127955410972
1496694127995304363
1496694128076735883
1496694128155212823
1496694128195257568
1496694128239618402
1496694128317376072
1496694128395208898
1496694128440040981
1496694128475129326
1496694128555580534
1496694128635144817
1496694128675052843
1496694128755094313
1496694128797260201
1496694128875106152
1496694128917354228
1496694128994882420
1496694129035060081
1496694129117635923
1496694129161375247
1496694129234916724
1496694129273326731
1496694129353515596
1496694129395047631
1496694129515312179
1496694129554627915
1496694129633227198
1496694129716742258
1496694129755157577
1496694129874704105
1496694129994646205
1496694130074849289
1496694130196768627
1496694130275432441
1496694130354833339
1496694130398959642
1496694130474553564
1496694130554593732
1496694130634565514
1496694130676791142
1496694130757775579
1496694130834448302
1496694130874399089
1496694130954111080
1496694131121221927
1496694131193849968
1496694131274843103
1496694131320762216
1496694131434070418
1496694131477434430
1496694131515930583
1496694131673707691
1496694131717199411
1496694131838217917
1496694131873731104
1496694131993683413
1496694132033500867
1496694132116149000
1496694132197181041
1496694132278129957
1496694132353271953
1496694132434691442
1496694132473595251
1496694132559221766
1496694132593215424
1496694132633417930
1496694132716260906
1496694132872901974
1496694132953401308
1496694133074073928
1496694133154047845
1496694133232705827
1496694133314993544
1496694133394071733
1496694133473315912
1496694133552677122
1496694133636299160
1496694133714992714
1496694133793554029
1496694133832546692
1496694133914935190
1496694133952466344
1496694134032446460
1496694134114805479
1496694134150865645
1496694134195293354
1496694134231360552
1496694134313344415
1496694134354179055
1496694134432183808
1496694134472164595
1496694134552225231
1496694134593340860
1496694134672084935
1496694134719688369
1496694134872896368
1496694134919242721
1496694134991933886
1496694135075498164
1496694135151859429
1496694135191852977
1496694135271777623
1496694135315652156
1496694135392235973
1496694135436547953
1496694135471645412
1496694135514399321
1496694135592520219
1496694135671555440
1496694135714601432
1496694135751750972
1496694135795101494
1496694135871675155
1496694135914467293
1496694135991468506
1496694136071453569
1496694136114346800
1496694136156287689
1496694136231391716
1496694136314579224
1496694136351386004
1496694136391320749
1496694136471253469
1496694136517954508
1496694136591317392
1496694136631239897
1496694136672180579
1496694136716376309
1496694136791122524
1496694136831027634
1496694136875964248
1496694136951053224
1496694136992444009
1496694137031102089
1496694137070969282
1496694137151282314
1496694137234398311
1496694137270940352
1496694137312632543
1496694137430752770
1496694137514145902
1496694137550702214
1496694137595227839
1496694137630699309
1496694137670732179
1496694137753089843
1496694137790915216
1496694137870877259
1496694137914182364
1496694137954017162
1496694137991092431
1496694138070724995
1496694138150737715
1496694138191831521
1496694138230707830
1496694138272572573
1496694138350268316
1496694138390254832
1496694138431749732
1496694138513682032
1496694138550471000
1496694138590384547
1496694138673841169
1496694138790161503
1496694138833963587
1496694138870350107
1496694138914999534
1496694138990124812
1496694139036073196
1496694139113352325
1496694139151467645
1496694139192604368
1496694139229877137
1496694139313492405
1496694139352812671
1496694139391172054
1496694139429889196
1496694139469888004
1496694139554907541
1496694139589765104
1496694139669855063
1496694139714507303
1496694139789942788
1496694139829839982
1496694139915506497
1496694139989690681
1496694140071895377
1496694140149662735
1496694140189798261
1496694140229952694
1496694140313062649
1496694140350746355
1496694140431992980
1496694140469788352
1496694140595598362
1496694140629525614
1496694140712853747
1496694140789569647
1496694140830781578
1496694140912970129
1496694140989193738
1496694141070338904
1496694141113176250
1496694141149186000
1496694141233186736
1496694141269199975
1496694141349144934
1496694141433745357
1496694141469081514
1496694141512435838
1496694141588844135
1496694141629943618
1496694141712134929
1496694141750809415
1496694141789952234
1496694141868782768
1496694141912164905
1496694141988807837
1496694142068962900
1496694142148600307
1496694142228702506
1496694142352751424
1496694142388605705
1496694142588894483
1496694142628346312
1496694142668306526
1496694142749802265
1496694142832773731
1496694142869899990
1496694142948477398
1496694142989765006
1496694143071511891
1496694143111611740
1496694143188127797
1496694143229290405
1496694143312477288
1496694143348630943
1496694143430585327
1496694143469194189
1496694143546457536
1496694143591756650
1496694143668158749
1496694143746997928
1496694143786417622
1496694143866387529
1496694143909550864
1496694143986302442
1496694144026410781
1496694144109411934
1496694144146371370
1496694144226201225
1496694144314363623
1496694144386274685
1496694144429125625
1496694144511233603
1496694144590774500
1496694144671259927
1496694144710777329
1496694144748239473
1496694144832598489
1496694144911973918
1496694144987467164
1496694145110429833
1496694145190104272
1496694145227714332
1496694145348211223
1496694145388797010
1496694145467916240
1496694145510586087
1496694145592676460
1496694145710183615
1496694145787104359
1496694145912259422
1496694145947091361
1496694146069234552
1496694146146910503
1496694146227186868
1496694146347888863
1496694146426902157
1496694146510072633
1496694146587911032
1496694146629346036
1496694146709500422
1496694146786657885
1496694146866626646
1496694146946640511
1496694147026497971
1496694147067620475
1496694147147665017
1496694147226581592
1496694147311892430
1496694147351727697
1496694147426361881
1496694147467476468
1496694147584805290
1496694147624811077
1496694147709521135
1496694147786136410
1496694147826926832
1496694147909148142
1496694147986021439
1496694148066055460
1496694148185880217
1496694148231111570
1496694148308967938
1496694148385796495
1496694148466350359
1496694148548306670
1496694148588177926
1496694148665709971
1496694148751417841
1496694148908686512
1496694148951123702
1496694149065493986
1496694149147268162
1496694149226998850
1496694149269736821
1496694149345792931
1496694149425805286
1496694149508335034
1496694149585628902
1496694149665465111
1496694149745745331
1496694149825467217
1496694149908370975
1496694149989990984
1496694150065232043
1496694150145374710
1496694150308446343
1496694150384925108
1496694150508624600
1496694150585068365
1496694150665945198
1496694150713285821
1496694150783807666
1496694150865268040
1496694150944765760
1496694151067035045
1496694151145862922
1496694151227138400
1496694151307393776
1496694151391149095
1496694151464553229
1496694151544735062
1496694151625518041
1496694151707184457
1496694151784758585
1496694151865331669
1496694151948824228
1496694152064242740
1496694152144073793
1496694152264228705
1496694152345335173
1496694152384031743
1496694152510658731
1496694152623907818
1496694152670514795
1496694152744017887
1496694152825428886
1496694152909404466
1496694153025890112
1496694153065131160
1496694153223557121
1496694153307640774
1496694153388233909
1496694153463710436
1496694153546351121
1496694153623674156
1496694153663591610
1496694153743744902
1496694153862753566
1496694153941861755
1496694154023329681
1496694154064247759
1496694154142148449
1496694154221736951
1496694154265209192
1496694154341502228
1496694154381836296
1496694154461431203
1496694154543457775
1496694154663068521
1496694154744349208
1496694154785340827
1496694154861737926
1496694154943368143
1496694154984740908
1496694155061161600
1496694155145494471
1496694155181209742
1496694155261041472
1496694155381101020
1496694155421064463
1496694155542745624
1496694155622716885
1496694155714557820
1496694155740926227
1496694155821081498
1496694155903376767
1496694155980827510
1496694156020763870
1496694156103440284
1496694156182087433
1496694156260654685
1496694156340709800
1496694156426352826
1496694156504516016
1496694156541938473
1496694156663354217
1496694156704502034
1496694156861859247
1496694156905443988
1496694156986359883
1496694157061841358
1496694157104441412
1496694157181973562
1496694157221839036
1496694157304850919
1496694157344854779
1496694157422301824
1496694157461457560
1496694157540118614
1496694157579987943
1496694157659972746
1496694157819830946
1496694157862420583
1496694157902438974
1496694157980159770
1496694158019671182
1496694158104091605
1496694158179578600
1496694158229936094
1496694158303540331
1496694158381204355
1496694158503325724
1496694158582210424
1496694158740913312
1496694158783221805
1496694158861063641
1496694158980882981
1496694159103196225
1496694159146477581
1496694159220892598
1496694159340690324
1496694159420561949
1496694159505489247
1496694159580866867
1496694159620847810
1496694159703154433
1496694159741078712
1496694159820807370
1496694159860552688
1496694159940533012
1496694160024052810
1496694160060300685
1496694160140243873
1496694160303217278
1496694160340452443
1496694160420131621
1496694160460191679
1496694160580104091
1496694160620150190
1496694160659952957
1496694160743591089
1496694160780480212
1496694160859827985
1496694160940011485
1496694160981025709
1496694161059895044
1496694161338536335
1496694161500380365
1496694161579471159
1496694161624124024
1496694161703131275
1496694161779412176
1496694161824294937
1496694161900137140
1496694161980185901
1496694162058089509
1496694162180959053
1496694162257753964
1496694162300510894
1496694162420224296
1496694162578901455
1496694162660390579
1496694162738929082
1496694162859076963
1496694162938949631
1496694163019270058
1496694163063848496
1496694163101498140
1496694163140114241
1496694163218858003
1496694163301248480
1496694163339037968
1496694163421632351
1496694163501092988
1496694163579165970
1496694163620728265
1496694163658700409
1496694163701299578
1496694163818863868
1496694163859830644
1496694163938554979
1496694163978446443
1496694164058325829
1496694164141094796
1496694164178253503
1496694164258234920
1496694164302021692
1496694164378285301
1496694164458133281
1496694164579260849
1496694164618159554
1496694164660514765
1496694164777962024
1496694164819760517
1496694164901660318
1496694164937883713
1496694165022319761
1496694165060722321
1496694165101443315
1496694165176681925
1496694165216348494
1496694165301375687
1496694165336297104
1496694165416646230
1496694165456320298
1496694165541913220
1496694165616119279
1496694165656542930
1496694165699792099
1496694165743288090
1496694165817609826
1496694165862461753
1496694165937911666
1496694166018866988
1496694166103193296
1496694166177479772
1496694166337416826
1496694166417838712
1496694166537632687
1496694166700673383
1496694166778815376
1496694166900122526
1496694167016955568
1496694167099829065
1496694167218505073
1496694167376941764
1496694167458091201
1496694167576913667
1496694167706422058
1496694167776733486
1496694167938034966
1496694168177649948
1496694168299100952
1496694168336402003
1496694168536506458
1496694168657432671
1496694168699038508
1496694168816241237
1496694168856272180
1496694168939387239
1496694169054677939
1496694169097122420
1496694169174422279
1496694169254872289
1496694169334475165
1496694169414358927
1496694169499107787
1496694169578864100
1496694169659163538
1496694169735805116
1496694169815739971
1496694169898168573
1496694169975754576
1496694170055615629
1496694170135584443
1496694170217391639
1496694170298028629
1496694170336786500
1496694170415684794
1496694170498032980
1496694170535686790
1496694170613941595
1496694170653957382
1496694170815561933
1496694170853884337
1496694170936275074
1496694171098783427
1496694171174139121
1496694171213943293
1496694171303703397
1496694171335271746
1496694171413905977
1496694171455808741
1496694171536126252
1496694171655034968
1496694171697733616
1496694171776064359
1496694171854942757
1496694171934856205
1496694171975887199
1496694172054850180
1496694172135686649
1496694172214631036
1496694172297594586
1496694172336287405
1496694172454847215
1496694172539187117
1496694172614313124
1496694172697531829
1496694172740505269
1496694172814445964
1496694172854769824
1496694172975422444
1496694173014765731
1496694173099876414
1496694173174383306
1496694173297779465
1496694173334260152
1496694173414171100
1496694173534012628
1496694173574037165
1496694173698978790
1496694173774084692
1496694173897295591
1496694173978784194
1496694174014013320
1496694174134300992
1496694174213834338
1496694174296500179
1496694174453779371
1496694174573444805
1496694174613534342
1496694174733474671
1496694174773471604
1496694174813540359
1496694174896665992
1496694174933365584
1496694174973271111
1496694175053909351
1496694175093671127
1496694175133217331
1496694175215593746
1496694175251912089
1496694175331556580
1496694175373083615
1496694175451457951
1496694175531423014
1496694175572807758
1496694175651500166
1496694175698681049
1496694175775937470
1496694175854241597
1496694175895064519
1496694175973608282
1496694176053492251
1496694176096828034
1496694176173087321
1496694176252730926
1496694176452720016
1496694176496930017
1496694176533393516
1496694176612521601
1496694176652577024
1496694176731285943
1496694176853965904
1496694176931275606
1496694176971011237
1496694177010876034
1496694177093091407
1496694177171063765
1496694177211276374
1496694177250934609
1496694177372554572
1496694177494570524
1496694177573953661
1496694177652248310
1496694177694493417
1496694177731911082
1496694177814018382
1496694177894188601
1496694178013242682
1496694178094747743
1496694178172180205
1496694178253575163
1496694178412091801
1496694178531505829
1496694178611988444
1496694178733378511
1496694178851521447
1496694178931596979
1496694179020881667
1496694179131335705
1496694179172553730
1496694179251389367
1496694179331496514
1496694179411326525
1496694179494683303
1496694179573297535
1496694179611261345
1496694179695484789
1496694179771178659
1496694179851592003
1496694179971179625
1496694180051155521
1496694180130974178
1496694180211208043
1496694180251712476
1496694180371067337
1496694180454643958
1496694180530872828
1496694180656565911
1496694180770498539
1496694180894799176
1496694180971732889
1496694181013142788
1496694181048919153
1496694181130541037
1496694181209011936
1496694181249168920
1496694181329028515
1496694181375126847
1496694181448812334
1496694181529300782
1496694181611435374
1496694181650286423
1496694181810180977
1496694181851236606
1496694181930486826
1496694182010327567
1496694182099295484
1496694182210183532
1496694182294225310
1496694182369853659
1496694182452127366
1496694182530247223
1496694182613210668
1496694182693276460
1496694182734688131
1496694182815723245
1496694182893011332
1496694183009502760
1496694183050855576
1496694183130402098
1496694183209482892
1496694183294128991
1496694183332407228
1496694183409447607
1496694183492916885
1496694183535614440
1496694183609315239
1496694183693239986
1496694183770791979
1496694183849576366
1496694183895148188
1496694183969360915
1496694184052553110
1496694184129155729
1496694184169221568
1496694184255168343
1496694184369152898
1496694184448931243
1496694184607659235
1496694184691541325
1496694184771643159
1496694184847572811
1496694184892085936
1496694184969988397
1496694185052773666
1496694185168626083
1496694185211171711
1496694185295948071
1496694185368362622
1496694185449673881
1496694185528885925
1496694185608494895
1496694185697396094
1496694185768223772
1496694185929392803
1496694186012380154
1496694186091170271
1496694186169290180
1496694186252819094
1496694186328000829
1496694186409210891
1496694186529789293
1496694186570727787
1496694186690816241
1496694186730048747
1496694186847781736
1496694186891914705
1496694186967690502
1496694187090708380
1496694187167791624
1496694187292992520
1496694187368595557
1496694187449097964
1496694187567490743
1496694187690251433
1496694187767355302
1496694187848827499
1496694187927508918
1496694188007630439
1496694188127331446
1496694188207202707
1496694188290015267
1496694188407235287
1496694188447305918
1496694188527844887
1496694188606957243
1496694188690393448
1496694188729009288
1496694188847076287
1496694188891437225
1496694188966789429
1496694189006726257
1496694189098028234
1496694189166794248
1496694189249157173
1496694189291069052
1496694189366599329
1496694189407220740
1496694189489822154
1496694189566695138
1496694189646614107
1496694189726428754
1496694189810943031
1496694189889919762
1496694189968759931
1496694190046350466
1496694190128427349
1496694190207224237
1496694190292915596
1496694190366228010
1496694190446455521
1496694190492717290
1496694190566462048
1496694190647684662
1496694190766498951
1496694190848350575
1496694190967249187
1496694191088980452
1496694191165973487
1496694191325635124
1496694191446771442
1496694191525717496
1496694191605475476
1496694191645629075
1496694191770465545
1496694191926688176
1496694192005394699
1496694192128033567
1496694192245373899
1496694192325366671
1496694192443689866
1496694192525239147
1496694192565305090
1496694192647632963
1496694192805199707
1496694192964910563
1496694193092007082
1496694193165049809
1496694193287774354
1496694193366141763
1496694193487882246
1496694193605868880
1496694193687501962
1496694193805151096
1496694193929108348
1496694194044853891
1496694194124636142
1496694194205504537
1496694194290055481
1496694194364243988
1496694194489582801
1496694194565523077
1496694194648749178
1496694194724251695
1496694194844242389
1496694194924383910
1496694195008113969
1496694195123996126
1496694195204185512
1496694195288180206
1496694195404036061
1496694195443794296
1496694195525497586
1496694195642686617
1496694195765201266
1496694195843736331
1496694195922238531
1496694196003642291
1496694196089988441
1496694196202233310
1496694196244716334
1496694196362268645
1496694196443955529
1496694196521800855
1496694196610293669
1496694196686335404
1496694196807856981
1496694196923462576
1496694197003180921
1496694197085969835
1496694197165494743
1496694197243069861
1496694197324444402
1496694197403233268
1496694197444331033
1496694197562953291
1496694197642871531
1496694197727354298
1496694197802664210
1496694197887317914
1496694197961495953
1496694198041469089
1496694198086572422
1496694198162776969
1496694198243983958
1496694198320939181
1496694198403742157
1496694198485426385
1496694198562529785
1496694198685473653
1496694198722342777
1496694198804210494
1496694198922152232
1496694198964184943
1496694199042081624
1496694199085052668
1496694199166811114
1496694199242074881
1496694199322230777
1496694199403355318
1496694199484932776
1496694199524426740
1496694199603059149
1496694199642070301
1496694199722112656
1496694199801941782
1496694199889276368
1496694199961812221
1496694200041767545
1496694200092745767
1496694200161464073
1496694200243898925
1496694200322793729
1496694200401743950
1496694200484517083
1496694200562636054
1496694200641696119
1496694200721555817
1496694200761799937
1496694200844969268
1496694200921215794
1496694201001223461
1496694201084174875
1496694201122925611
1496694201241214276
1496694201285288235
1496694201401912527
1496694201483932587